4 0.12734375 0.4671875 0.1140625 0.45625
4 0.56640625 0.48828125 0.0734375 0.4140625
4 0.69609375 0.50390625 0.0921875 0.4671875
4 0.80390625 0.47578125 0.0703125 0.4015625
4 0.4671875 0.50625 0.096875 0.484375
4 0.221875 0.4734375 0.071875 0.44375
4 0.0359375 0.41953125 0.046875 0.3484375
4 0.2921875 0.48515625 0.071875 0.4203125
4 0.33828125 0.47890625 0.0484375 0.3359375
4 0.396875 0.51875 0.053125 0.4375
4 0.753125 0.49140625 0.06875 0.4078125
4 0.88828125 0.5125 0.1109375 0.496875
4 0.50078125 0.4671875 0.0515625 0.359375
4 0.52734375 0.5 0.9390625 0.640625