4 0.85859375 0.74453125 0.1109375 0.1578125
4 0.96015625 0.70546875 0.0515625 0.1015625
4 0.69375 0.67890625 0.05 0.0984375
4 0.49609375 0.6296875 0.0515625 0.08125
4 0.36875 0.62421875 0.04375 0.0984375
4 0.421875 0.6171875 0.05625 0.0875
4 0.77109375 0.53125 0.0328125 0.04375
4 0.0546875 0.515625 0.05625 0.05
4 0.38359375 0.57265625 0.0296875 0.0515625
4 0.15703125 0.53984375 0.0796875 0.0703125
4 0.2359375 0.52265625 0.028125 0.0546875
4 0.77890625 0.721875 0.0703125 0.1
4 0.80703125 0.6578125 0.0765625 0.04375
4 0.47265625 0.53671875 0.6765625 0.2859375