4 0.471875 0.4625 0.1625 0.221875
4 0.64140625 0.46953125 0.2484375 0.2546875
4 0.290625 0.33125 0.125 0.078125
4 0.10859375 0.39453125 0.1796875 0.2078125
4 0.95859375 0.434375 0.0796875 0.221875
4 0.96171875 0.328125 0.0703125 0.090625
4 0.73828125 0.4515625 0.0578125 0.203125
4 0.63203125 0.32421875 0.0765625 0.0453125
4 0.34453125 0.353125 0.1390625 0.05625
4 0.3609375 0.30390625 0.109375 0.0515625
4 0.23984375 0.3546875 0.0703125 0.165625
4 0.13828125 0.3609375 0.1609375 0.203125
4 0.44453125 0.3390625 0.0609375 0.04375
4 0.59375 0.45078125 0.70625 0.3265625