4 0.121875 0.42265625 0.24375 0.2984375
4 0.6625 0.7234375 0.30625 0.55
4 0.35859375 0.42734375 0.2921875 0.3359375
4 0.32890625 0.39921875 0.2421875 0.3703125
4 0.28671875 0.26328125 0.0421875 0.0390625
4 0.040625 0.24921875 0.046875 0.0765625
4 0.77578125 0.453125 0.2609375 0.284375
4 0.828125 0.303125 0.15625 0.08125
4 0.0984375 0.26328125 0.09375 0.0453125
4 0.94296875 0.38671875 0.1046875 0.3609375
4 0.71171875 0.24921875 0.0765625 0.0484375
4 0.17734375 0.24609375 0.0828125 0.0609375
4 0.0234375 0.26953125 0.046875 0.0609375
4 0.46484375 0.41328125 0.8609375 0.3671875