4 0.3484375 0.63203125 0.3625 0.6609375
4 0.265625 0.2515625 0.034375 0.075
4 0.05234375 0.2625 0.0765625 0.084375
4 0.8 0.2328125 0.04375 0.034375
4 0.56875 0.25625 0.06875 0.065625
4 0.6859375 0.22578125 0.03125 0.0265625
4 0.50859375 0.21640625 0.0265625 0.0203125
4 0.528125 0.21640625 0.021875 0.0203125
4 0.70625 0.22734375 0.0125 0.0234375
4 0.97890625 0.22578125 0.0109375 0.0171875
4 0.94453125 0.228125 0.0234375 0.01875
4 0.6125 0.22578125 0.028125 0.0234375
4 0.55078125 0.215625 0.0265625 0.01875