4 0.28984375 0.5921875 0.2171875 0.225
4 0.08046875 0.68828125 0.1015625 0.2390625
4 0.4484375 0.55703125 0.1875 0.1640625
4 0.1796875 0.46015625 0.1 0.0671875
4 0.60078125 0.53046875 0.0796875 0.1609375
4 0.52421875 0.528125 0.0671875 0.19375
4 0.21484375 0.5015625 0.0953125 0.0375
4 0.23203125 0.63359375 0.1109375 0.1859375
4 0.146875 0.63203125 0.06875 0.1921875
4 0.359375 0.47890625 0.15 0.0328125
4 0.09609375 0.540625 0.1921875 0.1125
4 0.3359375 0.46171875 0.059375 0.0234375
4 0.30859375 0.4578125 0.1203125 0.05625
4 0.22421875 0.60234375 0.4484375 0.3703125