4 0.865625 0.6890625 0.221875 0.56875
4 0.65859375 0.73046875 0.1921875 0.5109375
4 0.44140625 0.55625 0.1390625 0.375
4 0.51953125 0.42109375 0.0984375 0.2296875
4 0.709375 0.43671875 0.134375 0.2609375
4 0.43203125 0.33125 0.0765625 0.10625
4 0.75703125 0.36953125 0.1234375 0.1328125
4 0.6328125 0.328125 0.05 0.134375
4 0.55625 0.3296875 0.065625 0.084375
4 0.88984375 0.4328125 0.1734375 0.24375
4 0.5484375 0.74609375 0.1 0.4421875
4 0.64375 0.2453125 0.03125 0.05625
4 0.73515625 0.27421875 0.0578125 0.0828125
4 0.67109375 0.41875 0.6515625 0.446875