4 0.3328125 0.5875 0.328125 0.2625
4 0.56640625 0.60390625 0.2640625 0.1796875
4 0.1109375 0.5296875 0.125 0.1375
4 0.053125 0.5578125 0.10625 0.06875
4 0.57578125 0.434375 0.2046875 0.084375
4 0.29609375 0.28125 0.0453125 0.028125
4 0.51875 0.28828125 0.040625 0.0390625
4 0.21796875 0.346875 0.0484375 0.059375
4 0.72109375 0.24609375 0.0203125 0.0171875
4 0.20703125 0.40390625 0.0515625 0.0578125
4 0.1625 0.475 0.028125 0.053125
4 0.10078125 0.5390625 0.0953125 0.08125
4 0.25234375 0.40390625 0.1171875 0.0546875