4 0.41015625 0.50390625 0.0328125 0.0328125
4 0.33203125 0.521875 0.0359375 0.034375
4 0.2234375 0.53203125 0.03125 0.0359375
4 0.19609375 0.37265625 0.0171875 0.0203125
4 0.26171875 0.3875 0.0078125 0.021875
4 0.3546875 0.4265625 0.0125 0.01875
4 0.41875 0.4671875 0.015625 0.025
4 0.60390625 0.4953125 0.0296875 0.03125
4 0.1859375 0.465625 0.025 0.01875
4 0.653125 0.496875 0.028125 0.028125
4 0.4296875 0.45703125 0.009375 0.0234375
4 0.8890625 0.63828125 0.0375 0.0359375
4 0.49375 0.47890625 0.021875 0.0328125
4 0.459375 0.45859375 0.91875 0.1953125