4 0.48046875 0.50625 0.0703125 0.065625
4 0.4828125 0.465625 0.071875 0.059375
4 0.6078125 0.48515625 0.075 0.0671875
4 0.80390625 0.55 0.0453125 0.059375
4 0.7328125 0.53359375 0.04375 0.0546875
4 0.81796875 0.52734375 0.0390625 0.0296875
4 0.3671875 0.425 0.08125 0.05625
4 0.20625 0.484375 0.084375 0.065625
4 0.078125 0.46484375 0.0875 0.0671875
4 0.2296875 0.4296875 0.0875 0.05
4 0.74765625 0.55234375 0.0421875 0.0546875
4 0.98203125 0.46953125 0.0328125 0.0609375
4 0.29453125 0.45 0.0609375 0.071875
4 0.54375 0.47421875 0.640625 0.1109375