4 0.4171875 0.7359375 0.29375 0.496875
4 0.58515625 0.49765625 0.1453125 0.1734375
4 0.8109375 0.63984375 0.125 0.2609375
4 0.75078125 0.43671875 0.2703125 0.1359375
4 0.6609375 0.353125 0.225 0.14375
4 0.51796875 0.2734375 0.0515625 0.071875
4 0.3796875 0.30859375 0.065625 0.1203125
4 0.22421875 0.3828125 0.1203125 0.15625
4 0.58984375 0.69296875 0.0890625 0.2671875
4 0.0640625 0.55703125 0.128125 0.2640625
4 0.42890625 0.2734375 0.0890625 0.103125
4 0.5640625 0.284375 0.059375 0.0875
4 0.72578125 0.26484375 0.1140625 0.0640625
4 0.49765625 0.47265625 0.9953125 0.5953125