4 0.3109375 0.709375 0.059375 0.140625
4 0.19140625 0.66796875 0.0234375 0.0921875
4 0.0984375 0.68125 0.075 0.1
4 0.6453125 0.675 0.08125 0.1
4 0.79921875 0.69296875 0.1265625 0.1359375
4 0.94453125 0.66953125 0.0296875 0.0953125
4 0.45546875 0.70390625 0.0640625 0.1140625
4 0.91796875 0.646875 0.0453125 0.05625
4 0.3375 0.68046875 0.028125 0.1171875
4 0.8734375 0.6515625 0.015625 0.059375
4 0.80625 0.63359375 0.015625 0.0171875
4 0.50859375 0.684375 0.0359375 0.05
4 0.4109375 0.6671875 0.040625 0.071875
4 0.4984375 0.65390625 0.996875 0.1140625