4 0.50703125 0.50859375 0.0703125 0.0640625
4 0.75390625 0.4640625 0.0671875 0.078125
4 0.28515625 0.4796875 0.0453125 0.034375
4 0.828125 0.44375 0.0375 0.028125
4 0.43671875 0.48671875 0.0359375 0.0421875
4 0.165625 0.53125 0.0625 0.0375
4 0.37734375 0.4890625 0.0359375 0.053125
4 0.23671875 0.52421875 0.0453125 0.0421875
4 0.25703125 0.48203125 0.0140625 0.0328125
4 0.915625 0.43046875 0.034375 0.0203125
4 0.621875 0.4671875 0.04375 0.0375
4 0.6765625 0.46796875 0.0125 0.0296875
4 0.33828125 0.4953125 0.0203125 0.01875
4 0.940625 0.4265625 0.01875 0.028125