4 0.72890625 0.67734375 0.0578125 0.1046875
4 0.8 0.58203125 0.01875 0.0484375
4 0.79609375 0.54453125 0.0203125 0.0265625
4 0.21796875 0.64140625 0.0484375 0.0546875
4 0.190625 0.578125 0.025 0.021875
4 0.14140625 0.5625 0.0203125 0.025
4 0.24375 0.58203125 0.025 0.0234375
4 0.3703125 0.59609375 0.021875 0.0171875
4 0.584375 0.61640625 0.0125 0.0421875
4 0.459375 0.59921875 0.021875 0.0234375
4 0.7671875 0.559375 0.025 0.009375
4 0.95546875 0.503125 0.0171875 0.01875
4 0.42734375 0.66796875 0.1234375 0.1234375
4 0.63046875 0.578125 0.5109375 0.1375