4 0.88671875 0.57109375 0.1796875 0.2109375
4 0.1421875 0.603125 0.1875 0.275
4 0.34296875 0.5890625 0.1703125 0.253125
4 0.74765625 0.54765625 0.1921875 0.2234375
4 0.58203125 0.51640625 0.1765625 0.1546875
4 0.2265625 0.43828125 0.125 0.0703125
4 0.34140625 0.43984375 0.1078125 0.0734375
4 0.5453125 0.4125 0.0875 0.03125
4 0.7171875 0.41796875 0.1125 0.0734375
4 0.6203125 0.378125 0.09375 0.0625
4 0.6109375 0.44375 0.109375 0.078125
4 0.871875 0.4234375 0.1125 0.09375
4 0.73203125 0.365625 0.1078125 0.0875
4 0.5296875 0.49140625 0.7875 0.3921875