4 0.4484375 0.640625 0.059375 0.078125
4 0.41875 0.76875 0.034375 0.140625
4 0.35859375 0.7640625 0.0328125 0.140625
4 0.29375 0.765625 0.034375 0.1375
4 0.31640625 0.76484375 0.0578125 0.1546875
4 0.19609375 0.58125 0.0609375 0.0625
4 0.253125 0.59140625 0.04375 0.0640625
4 0.3453125 0.61953125 0.053125 0.0640625
4 0.5609375 0.625 0.046875 0.075
4 0.7578125 0.7625 0.059375 0.115625
4 0.453125 0.76953125 0.0375 0.1453125
4 0.16796875 0.73125 0.0515625 0.109375
4 0.590625 0.6359375 0.05625 0.075
4 0.30703125 0.60546875 0.0453125 0.0640625
4 0.125 0.7109375 0.046875 0.10625
4 0.06484375 0.70625 0.0515625 0.109375
4 0.1015625 0.59296875 0.046875 0.0609375
4 0.515625 0.53671875 0.034375 0.0453125
4 0.4984375 0.4296875 0.996875 0.859375