4 0.7265625 0.81328125 0.0625 0.0890625
4 0.8015625 0.8109375 0.040625 0.075
4 0.859375 0.7984375 0.071875 0.075
4 0.54140625 0.7875 0.0578125 0.065625
4 0.203125 0.81640625 0.13125 0.1109375
4 0.04140625 0.81015625 0.0828125 0.1171875
4 0.35546875 0.79375 0.0734375 0.084375
4 0.44921875 0.790625 0.0359375 0.059375
4 0.1140625 0.803125 0.05625 0.09375
4 0.653125 0.78984375 0.078125 0.0703125
4 0.50859375 0.78515625 0.0265625 0.0609375
4 0.4234375 0.784375 0.021875 0.05625
4 0.15078125 0.80703125 0.0921875 0.1109375
4 0.68125 0.79296875 0.584375 0.0859375