4 0.48828125 0.58203125 0.0421875 0.0734375
4 0.30859375 0.5703125 0.0703125 0.096875
4 0.30546875 0.534375 0.0171875 0.05
4 0.259375 0.58515625 0.0375 0.0578125
4 0.23203125 0.59765625 0.0359375 0.0734375
4 0.2 0.578125 0.040625 0.065625
4 0.86953125 0.54296875 0.0234375 0.0734375
4 0.85 0.55 0.021875 0.065625
4 0.81875 0.56171875 0.03125 0.0578125
4 0.34921875 0.56015625 0.0171875 0.0546875
4 0.409375 0.55859375 0.028125 0.0578125
4 0.70078125 0.57109375 0.0296875 0.0859375
4 0.45703125 0.53671875 0.0171875 0.0453125
4 0.4984375 0.5734375 0.996875 0.290625