4 0.47734375 0.596875 0.1328125 0.128125
4 0.33046875 0.534375 0.1328125 0.096875
4 0.04765625 0.6375 0.0609375 0.153125
4 0.61484375 0.678125 0.0890625 0.1375
4 0.725 0.63125 0.1625 0.196875
4 0.7140625 0.534375 0.065625 0.115625
4 0.72421875 0.48828125 0.0453125 0.0734375
4 0.72890625 0.46015625 0.0546875 0.0578125
4 0.58046875 0.528125 0.0390625 0.090625
4 0.40078125 0.48203125 0.0953125 0.0765625
4 0.315625 0.42109375 0.0625 0.0421875
4 0.253125 0.38046875 0.025 0.0359375
4 0.221875 0.42890625 0.05625 0.0546875
4 0.1296875 0.5125 0.040625 0.065625
4 0.08125 0.565625 0.096875 0.09375
4 0.371875 0.428125 0.053125 0.053125
4 0.540625 0.5125 0.9125 0.3625