4 0.58046875 0.59296875 0.1796875 0.2953125
4 0.259375 0.625 0.11875 0.2
4 0.190625 0.59375 0.15 0.265625
4 0.76484375 0.61171875 0.1859375 0.1953125
4 0.109375 0.5109375 0.203125 0.175
4 0.796875 0.571875 0.278125 0.221875
4 0.46875 0.61953125 0.134375 0.2296875
4 0.30390625 0.5640625 0.0890625 0.225
4 0.2765625 0.43046875 0.128125 0.0609375
4 0.4140625 0.5671875 0.071875 0.171875
4 0.9359375 0.59140625 0.121875 0.2359375
4 0.2890625 0.46328125 0.096875 0.0515625
4 0.9265625 0.49375 0.14375 0.0875
4 0.51796875 0.55546875 0.9578125 0.3359375