4 0.33671875 0.484375 0.0421875 0.05
4 0.65078125 0.490625 0.0296875 0.053125
4 0.69375 0.4890625 0.034375 0.05
4 0.7578125 0.46953125 0.025 0.0328125
4 0.57265625 0.4703125 0.0265625 0.05
4 0.62109375 0.484375 0.0421875 0.05
4 0.27734375 0.4984375 0.0265625 0.05625
4 0.8265625 0.48125 0.015625 0.034375
4 0.87109375 0.47890625 0.0421875 0.0453125
4 0.51875 0.48359375 0.0625 0.0640625
4 0.440625 0.4671875 0.028125 0.0375
4 0.721875 0.484375 0.015625 0.040625
4 0.7421875 0.4890625 0.025 0.040625
4 0.5015625 0.46953125 0.50625 0.0265625