4 0.29921875 0.62578125 0.3046875 0.6015625
4 0.5171875 0.45078125 0.11875 0.2703125
4 0.66015625 0.44921875 0.1015625 0.1859375
4 0.75234375 0.46015625 0.0671875 0.1703125
4 0.66875 0.37890625 0.084375 0.1484375
4 0.59375 0.4046875 0.034375 0.090625
4 0.1 0.42890625 0.059375 0.1265625
4 0.1328125 0.41171875 0.034375 0.0921875
4 0.6203125 0.35390625 0.059375 0.0421875
4 0.57578125 0.3515625 0.0359375 0.08125
4 0.609375 0.32578125 0.015625 0.0171875
4 0.628125 0.32265625 0.025 0.0234375
4 0.47421875 0.3921875 0.0515625 0.103125