4 0.57890625 0.63671875 0.2578125 0.2765625
4 0.1671875 0.678125 0.2125 0.315625
4 0.3296875 0.59609375 0.209375 0.3640625
4 0.52890625 0.40390625 0.4359375 0.1765625
4 0.14765625 0.38203125 0.2578125 0.1359375
4 0.54296875 0.2515625 0.1859375 0.08125
4 0.34453125 0.2703125 0.2234375 0.084375
4 0.12890625 0.525 0.2578125 0.196875
4 0.16015625 0.45078125 0.1390625 0.0453125
4 0.54609375 0.38046875 0.5453125 0.2046875
4 0.2109375 0.36640625 0.13125 0.1546875
4 0.47578125 0.63359375 0.3421875 0.3359375
4 0.0984375 0.42734375 0.196875 0.0734375