4 0.59765625 0.5953125 0.2515625 0.33125
4 0.39453125 0.3375 0.0578125 0.090625
4 0.3484375 0.3375 0.03125 0.028125
4 0.24921875 0.33046875 0.0734375 0.0484375
4 0.66875 0.35546875 0.06875 0.0390625
4 0.43828125 0.6 0.2046875 0.321875
4 0.44375 0.34765625 0.04375 0.0328125
4 0.7890625 0.31875 0.06875 0.028125
4 0.9828125 0.353125 0.03125 0.034375
4 0.28671875 0.353125 0.0765625 0.034375
4 0.20625 0.35625 0.059375 0.034375
4 0.1515625 0.334375 0.059375 0.053125
4 0.59453125 0.32109375 0.0609375 0.0453125
4 0.71796875 0.48984375 0.5234375 0.4296875