4 0.58203125 0.6296875 0.0453125 0.171875
4 0.49921875 0.64375 0.0484375 0.190625
4 0.3140625 0.5484375 0.084375 0.215625
4 0.13671875 0.575 0.1109375 0.203125
4 0.425 0.48671875 0.025 0.0578125
4 0.4265625 0.47109375 0.059375 0.0828125
4 0.4 0.50390625 0.0375 0.0640625
4 0.5296875 0.50859375 0.05 0.1296875
4 0.46875 0.62578125 0.034375 0.1609375
4 0.553125 0.490625 0.01875 0.05625
4 0.203125 0.60234375 0.04375 0.1578125
4 0.23828125 0.534375 0.0453125 0.075
4 0.6625 0.48359375 0.03125 0.1078125
4 0.734375 0.4609375 0.015625 0.05
4 0.34921875 0.55234375 0.6984375 0.2796875
4 0.71015625 0.46953125 0.0265625 0.0796875
4 0.403125 0.62734375 0.090625 0.2359375