4 0.1046875 0.5078125 0.1625 0.321875
4 0.228125 0.13828125 0.0875 0.0609375
4 0.34140625 0.2734375 0.0703125 0.103125
4 0.928125 0.3390625 0.0875 0.28125
4 0.3609375 0.265625 0.05625 0.10625
4 0.39765625 0.2328125 0.0703125 0.1
4 0.60078125 0.1734375 0.0484375 0.06875
4 0.45078125 0.21328125 0.0265625 0.0546875
4 0.37421875 0.2546875 0.0640625 0.115625
4 0.41640625 0.21171875 0.0421875 0.0890625
4 0.6296875 0.1765625 0.04375 0.071875
4 0.15859375 0.2953125 0.2703125 0.221875
4 0.16953125 0.3296875 0.0390625 0.171875
4 0.4 0.2703125 0.55625 0.3