4 0.54140625 0.60859375 0.0484375 0.1640625
4 0.48046875 0.5515625 0.1140625 0.11875
4 0.9078125 0.6125 0.125 0.14375
4 0.7625 0.6296875 0.05 0.140625
4 0.70625 0.5375 0.0625 0.071875
4 0.59375 0.55390625 0.053125 0.1296875
4 0.16015625 0.53046875 0.0859375 0.1328125
4 0.3984375 0.51953125 0.046875 0.0984375
4 0.81484375 0.603125 0.0265625 0.08125
4 0.83828125 0.6421875 0.0234375 0.1125
4 0.91171875 0.66015625 0.0828125 0.1171875
4 0.43828125 0.52734375 0.0296875 0.0515625
4 0.47890625 0.46484375 0.0078125 0.0140625
4 0.45859375 0.40859375 0.5015625 0.1546875