4 0.615625 0.60625 0.03125 0.034375
4 0.53203125 0.64375 0.0953125 0.1
4 0.4578125 0.6703125 0.071875 0.059375
4 0.47421875 0.59140625 0.0859375 0.0671875
4 0.31875 0.66640625 0.053125 0.0484375
4 0.896875 0.63125 0.0875 0.053125
4 0.76015625 0.57734375 0.0515625 0.0671875
4 0.81171875 0.58203125 0.0640625 0.0765625
4 0.7265625 0.590625 0.05 0.046875
4 0.475 0.6609375 0.046875 0.046875
4 0.13046875 0.728125 0.0546875 0.053125
4 0.63515625 0.590625 0.0484375 0.046875
4 0.73046875 0.6765625 0.0609375 0.0625
4 0.91484375 0.60703125 0.0578125 0.0484375
4 0.87265625 0.5890625 0.0515625 0.06875
4 0.65703125 0.68203125 0.0984375 0.0609375
4 0.67421875 0.7671875 0.6453125 0.45625