4 0.44609375 0.55703125 0.0515625 0.0515625
4 0.79453125 0.50234375 0.0234375 0.0296875
4 0.746875 0.515625 0.015625 0.021875
4 0.728125 0.51875 0.01875 0.025
4 0.58125 0.53515625 0.034375 0.0296875
4 0.5359375 0.5265625 0.034375 0.04375
4 0.50234375 0.5625 0.0328125 0.0375
4 0.38828125 0.56171875 0.0609375 0.0484375
4 0.23359375 0.5640625 0.0609375 0.04375
4 0.33203125 0.57109375 0.0359375 0.0328125
4 0.27890625 0.565625 0.0390625 0.046875
4 0.334375 0.55 0.0375 0.028125
4 0.4484375 0.51875 0.0375 0.0375
4 0.5140625 0.525 0.046875 0.04375
4 0.76953125 0.50859375 0.0296875 0.0421875
4 0.56640625 0.49921875 0.6234375 0.2140625