4 0.5875 0.625 0.29375 0.515625
4 0.56875 0.153125 0.090625 0.0875
4 0.44453125 0.33671875 0.2234375 0.1234375
4 0.196875 0.2734375 0.234375 0.0875
4 0.72109375 0.41484375 0.1328125 0.0671875
4 0.26015625 0.63515625 0.5078125 0.4828125
4 0.03671875 0.25859375 0.0734375 0.1265625
4 0.82734375 0.5859375 0.3421875 0.35
4 0.4375 0.403125 0.184375 0.046875
4 0.546875 0.3015625 0.14375 0.171875
4 0.2796875 0.33359375 0.2125 0.0828125
4 0.24453125 0.29296875 0.2359375 0.0734375
4 0.07578125 0.38515625 0.1515625 0.1484375