4 0.7296875 0.66015625 0.015625 0.0140625
4 0.1234375 0.56328125 0.0125 0.0140625
4 0.13828125 0.578125 0.0078125 0.009375
4 0.22265625 0.55078125 0.0140625 0.0109375
4 0.36015625 0.47890625 0.0203125 0.0109375
4 0.1796875 0.5 0.01875 0.015625
4 0.73671875 0.52734375 0.0140625 0.0140625
4 0.37890625 0.69140625 0.0171875 0.0171875
4 0.31796875 0.4859375 0.0109375 0.00625
4 0.3234375 0.6734375 0.009375 0.0125
4 0.52578125 0.53828125 0.0140625 0.0140625
4 0.52109375 0.509375 0.0140625 0.0125
4 0.49765625 0.5359375 0.0140625 0.009375
4 0.4640625 0.4203125 0.909375 0.6