4 0.3546875 0.72890625 0.146875 0.1203125
4 0.2359375 0.71484375 0.109375 0.1296875
4 0.15078125 0.86796875 0.1765625 0.1609375
4 0.63671875 0.41015625 0.0546875 0.0578125
4 0.54375 0.36171875 0.034375 0.0640625
4 0.3828125 0.3625 0.065625 0.05625
4 0.33671875 0.340625 0.0859375 0.065625
4 0.9453125 0.784375 0.1 0.10625
4 0.14140625 0.74296875 0.1796875 0.1265625
4 0.27578125 0.334375 0.0328125 0.071875
4 0.66171875 0.384375 0.0796875 0.04375
4 0.73984375 0.3984375 0.0453125 0.0375
4 0.60546875 0.384375 0.0421875 0.028125