4 0.47734375 0.5875 0.3296875 0.4125
4 0.80859375 0.50703125 0.1796875 0.2921875
4 0.15234375 0.5390625 0.1671875 0.346875
4 0.28515625 0.396875 0.0328125 0.078125
4 0.90859375 0.37578125 0.0265625 0.0546875
4 0.940625 0.35625 0.015625 0.028125
4 0.753125 0.35234375 0.01875 0.0265625
4 0.690625 0.35234375 0.0125 0.0140625
4 0.78359375 0.3546875 0.0140625 0.01875
4 0.97578125 0.3546875 0.0265625 0.025
4 0.73984375 0.35234375 0.0140625 0.0265625
4 0.64609375 0.35 0.0109375 0.015625
4 0.66015625 0.35 0.0109375 0.015625
4 0.72265625 0.35234375 0.1109375 0.0234375