4 0.23671875 0.5109375 0.0453125 0.05
4 0.53046875 0.68828125 0.0578125 0.0765625
4 0.5375 0.628125 0.040625 0.071875
4 0.58984375 0.57578125 0.0578125 0.0640625
4 0.465625 0.571875 0.034375 0.0625
4 0.44609375 0.5609375 0.0328125 0.05
4 0.68984375 0.68203125 0.0609375 0.0734375
4 0.7046875 0.60625 0.025 0.05625
4 0.2046875 0.640625 0.046875 0.078125
4 0.325 0.5140625 0.034375 0.05625
4 0.984375 0.70390625 0.028125 0.0671875
4 0.33046875 0.9328125 0.0734375 0.13125
4 0.55546875 0.60546875 0.0328125 0.0515625
4 0.56171875 0.59453125 0.7171875 0.2515625