4 0.80390625 0.64140625 0.3890625 0.6828125
4 0.60625 0.4578125 0.165625 0.265625
4 0.11328125 0.62734375 0.2265625 0.6234375
4 0.2296875 0.496875 0.459375 0.571875
4 0.6921875 0.23671875 0.284375 0.1265625
4 0.734375 0.3546875 0.528125 0.296875
4 0.5296875 0.26953125 0.075 0.0890625
4 0.24921875 0.2375 0.4609375 0.11875
4 0.1890625 0.26015625 0.35625 0.0703125
4 0.96171875 0.12265625 0.0703125 0.0671875
4 0.79375 0.190625 0.275 0.08125
4 0.20390625 0.23046875 0.3203125 0.0359375
4 0.7390625 0.453125 0.51875 0.409375