4 0.2921875 0.853125 0.125 0.19375
4 0.39921875 0.8484375 0.0390625 0.109375
4 0.40625 0.79921875 0.04375 0.0515625
4 0.4375 0.85625 0.04375 0.1375
4 0.4734375 0.840625 0.053125 0.159375
4 0.51015625 0.84140625 0.0390625 0.1421875
4 0.5359375 0.80703125 0.034375 0.1421875
4 0.590625 0.8453125 0.059375 0.153125
4 0.5796875 0.78125 0.04375 0.078125
4 0.66875 0.8265625 0.053125 0.178125
4 0.37109375 0.8296875 0.0328125 0.128125
4 0.5234375 0.67734375 0.015625 0.0453125
4 0.3390625 0.83125 0.04375 0.134375
4 0.7984375 0.8296875 0.059375 0.13125
4 0.54375 0.75625 0.065625 0.06875
4 0.6359375 0.82734375 0.03125 0.1265625
4 0.425 0.77578125 0.01875 0.0328125
4 0.50625 0.78828125 0.628125 0.2765625