4 0.34375 0.5328125 0.271875 0.371875
4 0.66328125 0.63359375 0.2796875 0.5515625
4 0.86015625 0.63359375 0.2765625 0.5828125
4 0.153125 0.6359375 0.30625 0.515625
4 0.55703125 0.6421875 0.1734375 0.55625
4 0.92734375 0.7359375 0.1421875 0.35
4 0.0640625 0.4796875 0.128125 0.246875
4 0.528125 0.36015625 0.190625 0.0390625
4 0.58828125 0.325 0.1609375 0.040625
4 0.8078125 0.321875 0.25 0.046875
4 0.965625 0.34375 0.065625 0.03125
4 0.2859375 0.390625 0.159375 0.15
4 0.6328125 0.4 0.146875 0.09375
4 0.45078125 0.6171875 0.9015625 0.65