4 0.46640625 0.35234375 0.0359375 0.0890625
4 0.6171875 0.33984375 0.053125 0.1015625
4 0.784375 0.28359375 0.034375 0.0609375
4 0.86796875 0.2625 0.0265625 0.0375
4 0.71171875 0.253125 0.0171875 0.021875
4 0.54296875 0.253125 0.0203125 0.025
4 0.47734375 0.25390625 0.0296875 0.0265625
4 0.259375 0.27109375 0.0625 0.0515625
4 0.046875 0.271875 0.0625 0.05
4 0.9859375 0.35234375 0.025 0.1046875
4 0.4515625 0.4875 0.0625 0.225
4 0.4421875 0.33125 0.034375 0.0875
4 0.478125 0.340625 0.04375 0.096875