4 0.428125 0.5375 0.084375 0.090625
4 0.084375 0.39453125 0.0375 0.0421875
4 0.1328125 0.384375 0.065625 0.046875
4 0.28515625 0.37890625 0.0390625 0.0296875
4 0.85859375 0.71484375 0.2078125 0.1234375
4 0.871875 0.565625 0.109375 0.09375
4 0.925 0.50859375 0.14375 0.0421875
4 0.68046875 0.57578125 0.0828125 0.0671875
4 0.6625 0.51171875 0.065625 0.0703125
4 0.60234375 0.51015625 0.0515625 0.0578125
4 0.17578125 0.4875 0.0765625 0.071875
4 0.15 0.40234375 0.0375 0.0484375
4 0.37109375 0.47890625 0.0546875 0.0640625
4 0.51015625 0.52734375 0.8953125 0.3109375