4 0.34296875 0.77734375 0.0109375 0.0171875
4 0.6125 0.78671875 0.025 0.0203125
4 0.53046875 0.78203125 0.0171875 0.0171875
4 0.578125 0.78671875 0.009375 0.0140625
4 0.94375 0.7984375 0.01875 0.015625
4 0.96875 0.8015625 0.021875 0.021875
4 0.8125 0.79296875 0.01875 0.0140625
4 0.84921875 0.784375 0.0078125 0.009375
4 0.709375 0.77734375 0.009375 0.0046875
4 0.17109375 0.77265625 0.0140625 0.0203125
4 0.6890625 0.784375 0.0125 0.0125
4 0.6734375 0.78671875 0.01875 0.0171875
4 0.90390625 0.7859375 0.0109375 0.009375
4 0.50234375 0.77734375 0.9890625 0.0734375