4 0.44140625 0.6046875 0.1234375 0.178125
4 0.321875 0.57578125 0.13125 0.1578125
4 0.215625 0.51796875 0.090625 0.1203125
4 0.6515625 0.5140625 0.146875 0.1625
4 0.1265625 0.48515625 0.08125 0.1171875
4 0.51640625 0.5265625 0.2390625 0.25625
4 0.45859375 0.45859375 0.1265625 0.0828125
4 0.37578125 0.475 0.0359375 0.0625
4 0.33203125 0.4828125 0.0453125 0.078125
4 0.28515625 0.484375 0.0484375 0.075
4 0.234375 0.44375 0.053125 0.028125
4 0.2828125 0.46171875 0.065625 0.0578125
4 0.16015625 0.4765625 0.0359375 0.078125