4 0.50625 0.55234375 0.059375 0.0890625
4 0.5828125 0.54140625 0.059375 0.1078125
4 0.684375 0.53203125 0.034375 0.0796875
4 0.1296875 0.48125 0.096875 0.103125
4 0.24609375 0.471875 0.0359375 0.08125
4 0.3046875 0.4828125 0.028125 0.084375
4 0.46015625 0.49453125 0.0828125 0.0890625
4 0.50859375 0.50234375 0.0234375 0.0296875
4 0.584375 0.490625 0.028125 0.01875
4 0.6234375 0.53671875 0.04375 0.0796875
4 0.18515625 0.48046875 0.0515625 0.0703125
4 0.28984375 0.5921875 0.0671875 0.140625
4 0.53046875 0.4953125 0.0265625 0.06875
4 0.5734375 0.52109375 0.33125 0.1015625