4 0.2703125 0.73046875 0.190625 0.3328125
4 0.30625 0.50703125 0.103125 0.1203125
4 0.2765625 0.490625 0.103125 0.103125
4 0.53359375 0.425 0.0578125 0.06875
4 0.7140625 0.44765625 0.084375 0.0890625
4 0.47578125 0.440625 0.0671875 0.084375
4 0.390625 0.4171875 0.0625 0.065625
4 0.784375 0.4265625 0.021875 0.065625
4 0.15234375 0.3875 0.0453125 0.053125
4 0.415625 0.415625 0.053125 0.065625
4 0.4625 0.728125 0.26875 0.346875
4 0.409375 0.50234375 0.10625 0.1203125
4 0.6359375 0.4453125 0.078125 0.084375