4 0.5 0.70859375 0.590625 0.5546875
4 0.80859375 0.68203125 0.3796875 0.4734375
4 0.91640625 0.353125 0.1609375 0.096875
4 0.48828125 0.359375 0.3234375 0.1125
4 0.39140625 0.38984375 0.4390625 0.1296875
4 0.08203125 0.46796875 0.1640625 0.1015625
4 0.15390625 0.4484375 0.3078125 0.125
4 0.15 0.35 0.275 0.125
4 0.884375 0.30625 0.228125 0.0875
4 0.16640625 0.70078125 0.3328125 0.4515625
4 0.884375 0.43359375 0.225 0.1421875
4 0.978125 0.46875 0.040625 0.071875
4 0.72578125 0.38046875 0.2578125 0.1609375
4 0.45859375 0.4359375 0.9140625 0.225