4 0.55703125 0.603125 0.0609375 0.084375
4 0.50234375 0.503125 0.0203125 0.03125
4 0.7375 0.62421875 0.0375 0.0609375
4 0.90078125 0.63828125 0.0390625 0.0640625
4 0.61171875 0.46171875 0.0171875 0.0234375
4 0.4234375 0.52421875 0.03125 0.0390625
4 0.80078125 0.4828125 0.0171875 0.03125
4 0.303125 0.57265625 0.125 0.0953125
4 0.59765625 0.5375 0.0203125 0.04375
4 0.6109375 0.50390625 0.025 0.0328125
4 0.57265625 0.47890625 0.0203125 0.0328125
4 0.9765625 0.496875 0.01875 0.034375
4 0.89609375 0.4890625 0.0171875 0.03125
4 0.6734375 0.46875 0.01875 0.028125
4 0.7234375 0.44296875 0.0125 0.0234375
4 0.74609375 0.40625 0.0109375 0.021875
4 0.63671875 0.45078125 0.6890625 0.2390625