4 0.21875 0.484375 0.096875 0.140625
4 0.3671875 0.45390625 0.06875 0.1140625
4 0.44296875 0.44296875 0.0796875 0.1078125
4 0.509375 0.4421875 0.0625 0.1
4 0.54765625 0.4328125 0.0328125 0.09375
4 0.64609375 0.45234375 0.0859375 0.1203125
4 0.7109375 0.40859375 0.046875 0.0734375
4 0.8078125 0.44453125 0.078125 0.1046875
4 0.5921875 0.40703125 0.046875 0.0765625
4 0.93046875 0.45546875 0.0421875 0.1171875
4 0.85078125 0.4421875 0.0671875 0.1
4 0.1921875 0.478125 0.025 0.06875
4 0.4921875 0.4296875 0.0625 0.096875
4 0.5046875 0.4078125 0.234375 0.1