4 0.14296875 0.7453125 0.0703125 0.215625
4 0.0484375 0.71796875 0.065625 0.1671875
4 0.43125 0.74921875 0.075 0.2171875
4 0.75 0.58203125 0.03125 0.0671875
4 0.29296875 0.76015625 0.0390625 0.1859375
4 0.80390625 0.571875 0.0265625 0.0625
4 0.73984375 0.57265625 0.0484375 0.0765625
4 0.69296875 0.584375 0.0203125 0.06875
4 0.49609375 0.753125 0.0640625 0.221875
4 0.09296875 0.7515625 0.0421875 0.19375
4 0.790625 0.5546875 0.0375 0.090625
4 0.21953125 0.73046875 0.0796875 0.2453125
4 0.94921875 0.48984375 0.0203125 0.0515625
4 0.5453125 0.6671875 0.796875 0.4625