4 0.9546875 0.46015625 0.0875 0.2921875
4 0.83125 0.41875 0.125 0.246875
4 0.71484375 0.31875 0.0984375 0.240625
4 0.61796875 0.3 0.0390625 0.171875
4 0.53359375 0.2609375 0.0703125 0.13125
4 0.453125 0.1890625 0.046875 0.034375
4 0.35546875 0.24921875 0.0734375 0.1390625
4 0.65234375 0.28515625 0.0359375 0.1484375
4 0.575 0.20546875 0.021875 0.0640625
4 0.52578125 0.20078125 0.0265625 0.0421875
4 0.696875 0.1953125 0.025 0.03125
4 0.38046875 0.2453125 0.0171875 0.1
4 0.3671875 0.3171875 0.734375 0.3375