4 0.3484375 0.71171875 0.15 0.1953125
4 0.1234375 0.6625 0.1375 0.14375
4 0.35078125 0.61640625 0.0609375 0.0609375
4 0.803125 0.69453125 0.153125 0.1890625
4 0.0890625 0.6 0.0375 0.04375
4 0.38046875 0.57109375 0.0171875 0.0203125
4 0.825 0.58046875 0.046875 0.0296875
4 0.5328125 0.57421875 0.021875 0.0171875
4 0.73828125 0.56796875 0.0296875 0.0171875
4 0.39609375 0.5765625 0.0234375 0.028125
4 0.58125 0.57734375 0.03125 0.0328125
4 0.4859375 0.57578125 0.015625 0.0234375
4 0.4640625 0.57890625 0.021875 0.0171875
4 0.16640625 0.58515625 0.0609375 0.0265625
4 0.6046875 0.5671875 0.39375 0.028125