4 0.371875 0.6203125 0.040625 0.065625
4 0.50703125 0.6390625 0.0765625 0.0875
4 0.471875 0.57109375 0.034375 0.0671875
4 0.7 0.625 0.046875 0.065625
4 0.7515625 0.61796875 0.059375 0.0734375
4 0.42890625 0.53828125 0.0234375 0.0515625
4 0.1796875 0.59453125 0.078125 0.0734375
4 0.34609375 0.56171875 0.0296875 0.0640625
4 0.41015625 0.56953125 0.5171875 0.2171875
4 0.36875 0.471875 0.028125 0.0375
4 0.32578125 0.47578125 0.0234375 0.0265625
4 0.33359375 0.52109375 0.0203125 0.0328125
4 0.57265625 0.4859375 0.0453125 0.046875
4 0.40625 0.53203125 0.5375 0.1890625