4 0.221875 0.7234375 0.1 0.084375
4 0.22734375 0.66484375 0.0515625 0.0546875
4 0.3828125 0.6640625 0.0375 0.040625
4 0.45859375 0.728125 0.1203125 0.059375
4 0.4765625 0.696875 0.040625 0.05
4 0.52265625 0.6625 0.0640625 0.05625
4 0.6109375 0.7125 0.05 0.040625
4 0.68515625 0.6859375 0.0546875 0.028125
4 0.6734375 0.7125 0.071875 0.053125
4 0.075 0.67890625 0.05625 0.0421875
4 0.2 0.68828125 0.03125 0.0328125
4 0.34140625 0.6765625 0.0734375 0.13125
4 0.63828125 0.703125 0.0296875 0.0625
4 0.36640625 0.72421875 0.0734375 0.0578125
4 0.678125 0.65 0.021875 0.040625
4 0.5234375 0.67890625 0.615625 0.1390625