4 0.40546875 0.434375 0.1359375 0.31875
4 0.52421875 0.44609375 0.1265625 0.3046875
4 0.7671875 0.4375 0.134375 0.33125
4 0.21015625 0.40234375 0.0640625 0.2453125
4 0.33046875 0.41484375 0.0703125 0.2546875
4 0.5109375 0.284375 0.090625 0.04375
4 0.29453125 0.403125 0.0640625 0.265625
4 0.36171875 0.278125 0.0703125 0.046875
4 0.25234375 0.4046875 0.0671875 0.2375
4 0.2875 0.26953125 0.078125 0.0515625
4 0.525 0.25 0.03125 0.0375
4 0.590625 0.30078125 0.071875 0.0640625
4 0.63828125 0.421875 0.1265625 0.315625
4 0.43828125 0.4 0.5421875 0.30625