4 0.24140625 0.96484375 0.0578125 0.0578125
4 0.40234375 0.87265625 0.0265625 0.0296875
4 0.73203125 0.96875 0.0484375 0.05625
4 0.60703125 0.971875 0.0734375 0.034375
4 0.48515625 0.9421875 0.0328125 0.05
4 0.115625 0.95859375 0.084375 0.0546875
4 0.0328125 0.90546875 0.065625 0.0390625
4 0.27421875 0.93125 0.0609375 0.05625
4 0.21875 0.91015625 0.025 0.0546875
4 0.653125 0.9109375 0.028125 0.0375
4 0.61328125 0.875 0.0421875 0.0375
4 0.47734375 0.971875 0.0390625 0.01875
4 0.56953125 0.91328125 0.0421875 0.0265625
4 0.39921875 0.90078125 0.6296875 0.1890625