4 0.76953125 0.7921875 0.0296875 0.065625
4 0.26640625 0.753125 0.0703125 0.078125
4 0.14765625 0.69921875 0.0421875 0.0515625
4 0.315625 0.71015625 0.05625 0.0640625
4 0.2390625 0.728125 0.015625 0.046875
4 0.21640625 0.71328125 0.0421875 0.0578125
4 0.203125 0.68984375 0.021875 0.0328125
4 0.1890625 0.66640625 0.01875 0.0140625
4 0.39921875 0.7265625 0.0328125 0.05
4 0.796875 0.77734375 0.034375 0.0640625
4 0.546875 0.74765625 0.053125 0.0546875
4 0.88203125 0.76484375 0.0234375 0.0453125
4 0.61328125 0.7328125 0.0359375 0.053125
4 0.4921875 0.721875 0.984375 0.21875