4 0.2609375 0.7265625 0.071875 0.065625
4 0.33203125 0.70390625 0.0421875 0.0359375
4 0.35859375 0.696875 0.0109375 0.025
4 0.2625 0.68828125 0.01875 0.0140625
4 0.08828125 0.7203125 0.0421875 0.04375
4 0.1171875 0.69609375 0.009375 0.0140625
4 0.16796875 0.7046875 0.0328125 0.028125
4 0.0234375 0.70546875 0.028125 0.0234375
4 0.3046875 0.6921875 0.028125 0.025
4 0.1859375 0.6921875 0.01875 0.015625
4 0.2265625 0.6921875 0.028125 0.021875
4 0.1546875 0.7296875 0.06875 0.0625
4 0.66953125 0.74296875 0.0296875 0.0140625
4 0.4984375 0.71484375 0.996875 0.0796875