4 0.3453125 0.55 0.084375 0.125
4 0.834375 0.875 0.071875 0.15625
4 0.6046875 0.74609375 0.078125 0.0890625
4 0.2265625 0.52421875 0.109375 0.0640625
4 0.32109375 0.28828125 0.0515625 0.0984375
4 0.590625 0.596875 0.046875 0.0875
4 0.2015625 0.3234375 0.084375 0.0875
4 0.44765625 0.4 0.0703125 0.084375
4 0.37890625 0.4734375 0.1078125 0.11875
4 0.3734375 0.46953125 0.0625 0.0703125
4 0.45703125 0.625 0.0671875 0.10625
4 0.51484375 0.67890625 0.1140625 0.1234375
4 0.87890625 0.6796875 0.0765625 0.140625
4 0.54375 0.5546875 0.075 0.0875
4 0.63515625 0.6765625 0.5078125 0.525