4 0.71953125 0.403125 0.0921875 0.16875
4 0.65390625 0.15078125 0.0359375 0.0390625
4 0.5359375 0.15078125 0.03125 0.0359375
4 0.34296875 0.13515625 0.0265625 0.0296875
4 0.140625 0.165625 0.028125 0.0125
4 0.05703125 0.321875 0.0390625 0.096875
4 0.878125 0.128125 0.025 0.021875
4 0.68125 0.146875 0.03125 0.040625
4 0.1125 0.15859375 0.021875 0.0328125
4 0.10390625 0.1625 0.0140625 0.025
4 0.56484375 0.11640625 0.0203125 0.0296875
4 0.01328125 0.253125 0.0265625 0.034375
4 0.51640625 0.12578125 0.0203125 0.0234375
4 0.5375 0.14609375 0.8 0.1046875