4 0.72734375 0.56640625 0.0140625 0.0140625
4 0.51796875 0.55234375 0.0171875 0.0109375
4 0.5625 0.53984375 0.01875 0.0078125
4 0.675 0.5546875 0.015625 0.009375
4 0.56796875 0.52109375 0.0140625 0.0078125
4 0.45546875 0.50390625 0.0109375 0.0078125
4 0.44765625 0.5359375 0.0203125 0.0125
4 0.46328125 0.553125 0.0171875 0.0125
4 0.4203125 0.53515625 0.01875 0.0109375
4 0.7953125 0.571875 0.0125 0.0125
4 0.80859375 0.57734375 0.0140625 0.0140625
4 0.79296875 0.48828125 0.0078125 0.0109375
4 0.71015625 0.5625 0.0171875 0.015625
4 0.5875 0.53203125 0.81875 0.1265625