4 0.23984375 0.6015625 0.2796875 0.25
4 0.0484375 0.59296875 0.096875 0.2109375
4 0.4703125 0.53984375 0.115625 0.0859375
4 0.5640625 0.5359375 0.075 0.04375
4 0.753125 0.5640625 0.071875 0.146875
4 0.78515625 0.5296875 0.0515625 0.06875
4 0.8765625 0.52421875 0.15625 0.0828125
4 0.55703125 0.634375 0.1546875 0.16875
4 0.42109375 0.5578125 0.0796875 0.0875
4 0.83203125 0.61796875 0.0953125 0.1546875
4 0.91796875 0.62890625 0.1359375 0.1671875
4 0.75390625 0.490625 0.0421875 0.01875
4 0.159375 0.6375 0.16875 0.1125
4 0.47421875 0.58046875 0.9140625 0.2390625