4 0.3765625 0.5234375 0.125 0.125
4 0.28046875 0.5125 0.0828125 0.096875
4 0.70703125 0.5390625 0.0859375 0.15625
4 0.540625 0.47890625 0.040625 0.0921875
4 0.42265625 0.478125 0.0453125 0.059375
4 0.61953125 0.459375 0.0359375 0.05625
4 0.49453125 0.48125 0.0453125 0.05625
4 0.44765625 0.528125 0.0359375 0.084375
4 0.18359375 0.48125 0.0515625 0.065625
4 0.58671875 0.496875 0.0578125 0.06875
4 0.453125 0.475 0.0375 0.0375
4 0.16796875 0.4765625 0.0484375 0.06875
4 0.37578125 0.45 0.0484375 0.046875
4 0.41328125 0.46171875 0.3703125 0.0609375