4 0.28515625 0.58046875 0.0765625 0.0890625
4 0.5359375 0.62578125 0.09375 0.1015625
4 0.6296875 0.5453125 0.078125 0.053125
4 0.8734375 0.571875 0.071875 0.14375
4 0.653125 0.571875 0.096875 0.06875
4 0.809375 0.54921875 0.0625 0.0515625
4 0.44140625 0.61015625 0.0609375 0.1234375
4 0.98046875 0.58671875 0.0359375 0.0921875
4 0.57734375 0.571875 0.0671875 0.053125
4 0.4796875 0.53671875 0.04375 0.0265625
4 0.1375 0.58359375 0.165625 0.1109375
4 0.39453125 0.5328125 0.0515625 0.040625
4 0.51796875 0.56796875 0.0546875 0.0421875
4 0.4796875 0.584375 0.959375 0.14375