4 0.778125 0.5953125 0.103125 0.1375
4 0.59921875 0.62578125 0.2640625 0.1921875
4 0.73046875 0.49375 0.1421875 0.134375
4 0.43203125 0.50859375 0.3890625 0.2015625
4 0.3625 0.59765625 0.35625 0.3671875
4 0.06328125 0.58828125 0.1265625 0.2171875
4 0.0640625 0.44453125 0.11875 0.1546875
4 0.1359375 0.5734375 0.121875 0.115625
4 0.70234375 0.5515625 0.0828125 0.090625
4 0.896875 0.71328125 0.203125 0.5703125
4 0.84375 0.6890625 0.184375 0.23125
4 0.65390625 0.51171875 0.0859375 0.0609375
4 0.1390625 0.665625 0.115625 0.165625