4 0.56640625 0.73046875 0.0515625 0.0390625
4 0.75390625 0.74921875 0.0546875 0.0546875
4 0.71953125 0.7234375 0.0359375 0.034375
4 0.66875 0.73046875 0.053125 0.0390625
4 0.8375 0.70703125 0.034375 0.0265625
4 0.70078125 0.72109375 0.0140625 0.0296875
4 0.36171875 0.709375 0.0328125 0.03125
4 0.33125 0.7296875 0.046875 0.0375
4 0.30859375 0.71171875 0.0296875 0.0265625
4 0.2609375 0.71484375 0.021875 0.0234375
4 0.65703125 0.70703125 0.0265625 0.0171875
4 0.73046875 0.7 0.0171875 0.0125
4 0.58125 0.690625 0.0125 0.015625
4 0.68984375 0.70234375 0.0359375 0.0265625