4 0.72109375 0.75234375 0.1328125 0.1421875
4 0.70859375 0.653125 0.0390625 0.05625
4 0.3484375 0.64140625 0.034375 0.0546875
4 0.1609375 0.63125 0.0375 0.03125
4 0.19453125 0.6359375 0.0390625 0.0375
4 0.48515625 0.63515625 0.0390625 0.0421875
4 0.42109375 0.653125 0.0421875 0.06875
4 0.325 0.678125 0.046875 0.0875
4 0.315625 0.6296875 0.015625 0.025
4 0.29609375 0.6234375 0.0234375 0.025
4 0.1390625 0.6234375 0.03125 0.025
4 0.40859375 0.62890625 0.0171875 0.0203125
4 0.48125 0.64375 0.0375 0.04375
4 0.43359375 0.634375 0.8234375 0.09375