4 0.40078125 0.65390625 0.1078125 0.0890625
4 0.625 0.63125 0.084375 0.0875
4 0.525 0.6453125 0.096875 0.0875
4 0.7015625 0.61015625 0.0625 0.0765625
4 0.925 0.6203125 0.053125 0.075
4 0.325 0.59765625 0.06875 0.0703125
4 0.14765625 0.60078125 0.0421875 0.0640625
4 0.95546875 0.53515625 0.0390625 0.0453125
4 0.8375 0.54453125 0.034375 0.0453125
4 0.86328125 0.5390625 0.0171875 0.0375
4 0.43203125 0.63828125 0.0609375 0.0671875
4 0.64140625 0.603125 0.0484375 0.053125
4 0.0359375 0.5453125 0.046875 0.046875
4 0.35859375 0.56015625 0.6796875 0.1640625