4 0.5203125 0.59453125 0.178125 0.4515625
4 0.296875 0.565625 0.2 0.31875
4 0.15390625 0.571875 0.1765625 0.334375
4 0.25859375 0.378125 0.0328125 0.075
4 0.33125 0.4 0.10625 0.059375
4 0.70234375 0.41875 0.0609375 0.15
4 0.82421875 0.4703125 0.0765625 0.21875
4 0.6390625 0.35703125 0.04375 0.0765625
4 0.31171875 0.378125 0.0796875 0.040625
4 0.80703125 0.34296875 0.0421875 0.0640625
4 0.4484375 0.36875 0.040625 0.078125
4 0.3921875 0.36171875 0.028125 0.0609375
4 0.2953125 0.35546875 0.028125 0.0359375
4 0.69765625 0.34296875 0.0421875 0.0609375
4 0.56328125 0.35390625 0.0328125 0.0671875
4 0.34921875 0.49765625 0.6671875 0.3953125