4 0.54375 0.628125 0.053125 0.24375
4 0.6421875 0.65546875 0.04375 0.1640625
4 0.43125 0.61953125 0.053125 0.2015625
4 0.25390625 0.66015625 0.0328125 0.1796875
4 0.596875 0.6375 0.059375 0.25
4 0.46171875 0.6671875 0.0484375 0.234375
4 0.45546875 0.52890625 0.0265625 0.0515625
4 0.346875 0.5578125 0.05 0.078125
4 0.48828125 0.6296875 0.0484375 0.253125
4 0.29609375 0.6015625 0.0609375 0.140625
4 0.30703125 0.72890625 0.0796875 0.1890625
4 0.3609375 0.68359375 0.05625 0.2015625
4 0.39296875 0.6296875 0.0515625 0.228125
4 0.4046875 0.6109375 0.390625 0.228125