4 0.19375 0.65546875 0.140625 0.1265625
4 0.43671875 0.59296875 0.0546875 0.0984375
4 0.55625 0.53203125 0.05 0.0484375
4 0.56796875 0.49296875 0.0234375 0.0359375
4 0.69296875 0.53359375 0.0421875 0.0453125
4 0.75703125 0.5 0.0171875 0.028125
4 0.56640625 0.47578125 0.0234375 0.0234375
4 0.79296875 0.509375 0.0140625 0.025
4 0.81328125 0.48125 0.0140625 0.021875
4 0.3828125 0.57265625 0.059375 0.0828125
4 0.94375 0.59296875 0.0375 0.0640625
4 0.8015625 0.52421875 0.03125 0.0359375
4 0.70390625 0.509375 0.0234375 0.01875