4 0.7390625 0.73046875 0.51875 0.4953125
4 0.3421875 0.47734375 0.24375 0.3515625
4 0.45078125 0.4203125 0.2453125 0.2625
4 0.7609375 0.3640625 0.084375 0.221875
4 0.490625 0.2640625 0.175 0.153125
4 0.671875 0.48359375 0.275 0.1203125
4 0.2328125 0.53671875 0.28125 0.3640625
4 0.8109375 0.33984375 0.153125 0.2921875
4 0.65234375 0.36328125 0.1515625 0.1671875
4 0.63125 0.31015625 0.178125 0.1484375
4 0.403125 0.2796875 0.071875 0.1375
4 0.3203125 0.26328125 0.0875 0.1640625
4 0.546875 0.3609375 0.11875 0.14375