4 0.20703125 0.5984375 0.3984375 0.525
4 0.4203125 0.3734375 0.08125 0.0875
4 0.48828125 0.365625 0.0453125 0.059375
4 0.52265625 0.35625 0.0296875 0.05
4 0.57109375 0.35078125 0.0296875 0.0234375
4 0.5890625 0.36796875 0.05625 0.0265625
4 0.6640625 0.353125 0.059375 0.0375
4 0.61015625 0.35625 0.0484375 0.040625
4 0.94609375 0.378125 0.0640625 0.03125
4 0.8078125 0.384375 0.05 0.05
4 0.5453125 0.3625 0.025 0.053125
4 0.77265625 0.36328125 0.0296875 0.0640625
4 0.53671875 0.646875 0.4984375 0.5875
4 0.60625 0.5265625 0.609375 0.35625