4 0.07109375 0.6421875 0.0859375 0.1
4 0.11484375 0.609375 0.0484375 0.071875
4 0.1484375 0.559375 0.01875 0.040625
4 0.81640625 0.571875 0.0328125 0.028125
4 0.66328125 0.559375 0.0328125 0.028125
4 0.69296875 0.56328125 0.0203125 0.0265625
4 0.4625 0.53203125 0.028125 0.0234375
4 0.34375 0.790625 0.103125 0.16875
4 0.3109375 0.59921875 0.065625 0.0640625
4 0.25625 0.5875 0.06875 0.075
4 0.11953125 0.55859375 0.0515625 0.0328125
4 0.2125 0.58984375 0.059375 0.0546875
4 0.6421875 0.55546875 0.028125 0.0265625
4 0.540625 0.53203125 0.66875 0.0890625