4 0.80546875 0.5609375 0.1671875 0.15
4 0.45703125 0.61796875 0.1265625 0.1640625
4 0.19375 0.771875 0.10625 0.190625
4 0.378125 0.68125 0.06875 0.1875
4 0.2453125 0.60625 0.096875 0.15625
4 0.296875 0.525 0.053125 0.1
4 0.946875 0.6421875 0.103125 0.1875
4 0.79140625 0.49375 0.0828125 0.103125
4 0.6125 0.4875 0.059375 0.096875
4 0.48828125 0.5234375 0.0734375 0.1
4 0.03515625 0.859375 0.0703125 0.246875
4 0.0796875 0.696875 0.084375 0.16875
4 0.57578125 0.6875 0.1171875 0.175
4 0.49765625 0.51953125 0.9296875 0.2390625