4 0.58828125 0.690625 0.0296875 0.009375
4 0.47421875 0.69375 0.0453125 0.021875
4 0.4078125 0.69296875 0.04375 0.0203125
4 0.39140625 0.67109375 0.0296875 0.0203125
4 0.35546875 0.6078125 0.0109375 0.015625
4 0.30859375 0.603125 0.0296875 0.01875
4 0.259375 0.60390625 0.0375 0.0140625
4 0.19609375 0.61015625 0.0296875 0.0140625
4 0.13203125 0.6140625 0.0234375 0.0125
4 0.37109375 0.61484375 0.0265625 0.0140625
4 0.03359375 0.603125 0.0234375 0.009375
4 0.546875 0.6953125 0.059375 0.021875
4 0.26171875 0.6140625 0.0265625 0.0125