4 0.3203125 0.93984375 0.025 0.0453125
4 0.52578125 0.96875 0.0515625 0.053125
4 0.6171875 0.95625 0.025 0.0375
4 0.6921875 0.95625 0.028125 0.05
4 0.678125 0.92265625 0.028125 0.0265625
4 0.659375 0.95703125 0.04375 0.0484375
4 0.62890625 0.9375 0.0296875 0.040625
4 0.60859375 0.88046875 0.0140625 0.0234375
4 0.34375 0.90859375 0.034375 0.0265625
4 0.3359375 0.9375 0.025 0.04375
4 0.53203125 0.940625 0.0328125 0.028125
4 0.45234375 0.89453125 0.0234375 0.0296875
4 0.4546875 0.79296875 0.01875 0.0265625
4 0.6015625 0.90859375 0.5125 0.1140625