4 0.55703125 0.33828125 0.0171875 0.0140625
4 0.7609375 0.7078125 0.103125 0.140625
4 0.6734375 0.70703125 0.078125 0.1390625
4 0.90703125 0.7203125 0.1328125 0.134375
4 0.9859375 0.7046875 0.025 0.134375
4 0.1421875 0.69609375 0.065625 0.1640625
4 0.4640625 0.33359375 0.015625 0.0140625
4 0.02265625 0.47890625 0.0453125 0.0328125
4 0.071875 0.69453125 0.1125 0.1671875
4 0.84609375 0.70859375 0.0296875 0.1296875
4 0.8671875 0.4046875 0.015625 0.015625
4 0.8109375 0.3734375 0.0125 0.01875
4 0.796875 0.3734375 0.015625 0.01875
4 0.75 0.39765625 0.015625 0.0171875