4 0.51015625 0.7453125 0.1671875 0.46875
4 0.39375 0.67578125 0.125 0.2828125
4 0.8625 0.74453125 0.121875 0.4734375
4 0.97578125 0.68046875 0.0453125 0.3453125
4 0.778125 0.66171875 0.05625 0.3109375
4 0.3625 0.55234375 0.078125 0.0984375
4 0.65 0.51875 0.071875 0.06875
4 0.6203125 0.45703125 0.034375 0.0328125
4 0.64140625 0.48125 0.0515625 0.046875
4 0.7546875 0.53984375 0.04375 0.1578125
4 0.509375 0.48046875 0.03125 0.0609375
4 0.66796875 0.70078125 0.1703125 0.4171875
4 0.92265625 0.70859375 0.0765625 0.4203125
4 0.6953125 0.540625 0.590625 0.2625