4 0.6484375 0.5 0.025 0.025
4 0.78359375 0.51875 0.0421875 0.0375
4 0.62734375 0.50078125 0.0203125 0.0234375
4 0.32265625 0.48359375 0.0359375 0.0296875
4 0.3703125 0.47890625 0.034375 0.0296875
4 0.7515625 0.51171875 0.021875 0.0265625
4 0.70859375 0.50625 0.0265625 0.028125
4 0.58671875 0.5015625 0.0203125 0.04375
4 0.72421875 0.51328125 0.0328125 0.0359375
4 0.60234375 0.49609375 0.0234375 0.0328125
4 0.67421875 0.496875 0.0453125 0.03125
4 0.2671875 0.475 0.021875 0.015625
4 0.2421875 0.47734375 0.025 0.0171875
4 0.3859375 0.47265625 0.421875 0.0328125