4 0.37890625 0.54765625 0.0921875 0.1578125
4 0.45078125 0.5875 0.1171875 0.146875
4 0.47265625 0.7578125 0.1390625 0.328125
4 0.653125 0.671875 0.059375 0.178125
4 0.7265625 0.5984375 0.1 0.240625
4 0.559375 0.5984375 0.090625 0.2375
4 0.3625 0.66015625 0.0625 0.1734375
4 0.275 0.484375 0.096875 0.115625
4 0.2546875 0.51875 0.1 0.109375
4 0.27578125 0.6765625 0.1328125 0.296875
4 0.45859375 0.49921875 0.1046875 0.0703125
4 0.51484375 0.5765625 0.0671875 0.15
4 0.3796875 0.48359375 0.1125 0.1109375
4 0.490625 0.4453125 0.63125 0.125