4 0.43359375 0.64296875 0.0515625 0.0609375
4 0.5546875 0.72734375 0.05 0.0796875
4 0.6203125 0.665625 0.0625 0.0625
4 0.73515625 0.66796875 0.0515625 0.0765625
4 0.30234375 0.6234375 0.0359375 0.05
4 0.07421875 0.61484375 0.0515625 0.0515625
4 0.084375 0.6734375 0.059375 0.065625
4 0.7375 0.6859375 0.025 0.05625
4 0.446875 0.63125 0.065625 0.065625
4 0.4671875 0.69765625 0.046875 0.0609375
4 0.30234375 0.67421875 0.0515625 0.0703125
4 0.24140625 0.6734375 0.0515625 0.084375
4 0.228125 0.66171875 0.025 0.0609375