4 0.05703125 0.80703125 0.1109375 0.1046875
4 0.03984375 0.778125 0.0796875 0.084375
4 0.84296875 0.6921875 0.0421875 0.096875
4 0.2390625 0.7984375 0.096875 0.13125
4 0.1890625 0.684375 0.059375 0.065625
4 0.05390625 0.73359375 0.0984375 0.0421875
4 0.55859375 0.6859375 0.0421875 0.075
4 0.4171875 0.59140625 0.025 0.0265625
4 0.3953125 0.60078125 0.015625 0.0359375
4 0.184375 0.7296875 0.05625 0.08125
4 0.1875 0.6875 0.05625 0.0625
4 0.94765625 0.6828125 0.0859375 0.0875
4 0.01875 0.7359375 0.0375 0.046875
4 0.51015625 0.665625 0.9734375 0.09375