4 0.54453125 0.78125 0.1671875 0.3
4 0.8046875 0.7390625 0.196875 0.25625
4 0.69296875 0.678125 0.2203125 0.2
4 0.60625 0.59140625 0.209375 0.1328125
4 0.48984375 0.57734375 0.2171875 0.1921875
4 0.3109375 0.56640625 0.159375 0.2046875
4 0.61953125 0.665625 0.2234375 0.215625
4 0.08046875 0.50078125 0.1609375 0.0484375
4 0.2 0.57890625 0.090625 0.2171875
4 0.24765625 0.453125 0.0609375 0.0375
4 0.68125 0.72890625 0.09375 0.2296875
4 0.0265625 0.425 0.053125 0.028125
4 0.1109375 0.64375 0.221875 0.25625
4 0.21015625 0.46015625 0.4203125 0.2171875