4 0.4203125 0.621875 0.11875 0.109375
4 0.45859375 0.60234375 0.0765625 0.0890625
4 0.79921875 0.628125 0.1015625 0.09375
4 0.93046875 0.65390625 0.0953125 0.0609375
4 0.9875 0.703125 0.021875 0.1125
4 0.24140625 0.671875 0.0765625 0.075
4 0.11796875 0.72734375 0.0671875 0.0921875
4 0.4015625 0.67265625 0.046875 0.0515625
4 0.68203125 0.66015625 0.0765625 0.1453125
4 0.90546875 0.69765625 0.0609375 0.0609375
4 0.4390625 0.66328125 0.040625 0.0421875
4 0.759375 0.6546875 0.028125 0.03125
4 0.790625 0.66328125 0.0375 0.0328125
4 0.6359375 0.63671875 0.7125 0.1453125