4 0.61015625 0.6734375 0.0328125 0.05625
4 0.64609375 0.69296875 0.0203125 0.0515625
4 0.9078125 0.69453125 0.04375 0.0515625
4 0.86328125 0.6375 0.0390625 0.05
4 0.8234375 0.5140625 0.028125 0.046875
4 0.79375 0.43515625 0.03125 0.0296875
4 0.80859375 0.390625 0.0421875 0.040625
4 0.66484375 0.4703125 0.0296875 0.0375
4 0.7203125 0.45390625 0.03125 0.0265625
4 0.81796875 0.35 0.0421875 0.0375
4 0.8671875 0.32890625 0.040625 0.0328125
4 0.815625 0.284375 0.034375 0.0375
4 0.56953125 0.46328125 0.0359375 0.0328125
4 0.621875 0.40234375 0.040625 0.0359375
4 0.55234375 0.38359375 0.0328125 0.0203125
4 0.61484375 0.30390625 0.0203125 0.0359375
4 0.9265625 0.34140625 0.025 0.0328125
4 0.596875 0.41640625 0.015625 0.0546875
4 0.77109375 0.490625 0.4515625 0.478125