4 0.24609375 0.68515625 0.0796875 0.4078125
4 0.5046875 0.6703125 0.09375 0.446875
4 0.37578125 0.62265625 0.0796875 0.3296875
4 0.6375 0.6765625 0.171875 0.36875
4 0.73046875 0.66484375 0.0609375 0.3234375
4 0.7984375 0.66875 0.115625 0.41875
4 0.4171875 0.70390625 0.046875 0.1796875
4 0.32109375 0.67578125 0.0734375 0.4359375
4 0.1984375 0.61171875 0.09375 0.3640625
4 0.89296875 0.628125 0.1421875 0.30625
4 0.41953125 0.578125 0.0765625 0.228125
4 0.13125 0.58125 0.05625 0.190625
4 0.74765625 0.48359375 0.0296875 0.0828125