4 0.878125 0.3421875 0.059375 0.0625
4 0.7640625 0.440625 0.1875 0.103125
4 0.50859375 0.45625 0.2046875 0.103125
4 0.22890625 0.41484375 0.1015625 0.0953125
4 0.26484375 0.33359375 0.0828125 0.1171875
4 0.50234375 0.340625 0.1109375 0.15625
4 0.5921875 0.36328125 0.134375 0.1140625
4 0.440625 0.3421875 0.075 0.1375
4 0.340625 0.3734375 0.06875 0.15
4 0.52265625 0.371875 0.0984375 0.096875
4 0.675 0.3609375 0.08125 0.075
4 0.63984375 0.321875 0.0484375 0.046875
4 0.8140625 0.40859375 0.21875 0.1421875
4 0.4171875 0.33515625 0.128125 0.1671875