4 0.97265625 0.56796875 0.0515625 0.0484375
4 0.41796875 0.546875 0.0796875 0.065625
4 0.7953125 0.578125 0.034375 0.059375
4 0.753125 0.58203125 0.05625 0.0515625
4 0.6859375 0.59453125 0.04375 0.1109375
4 0.6171875 0.56328125 0.065625 0.0640625
4 0.3171875 0.53125 0.059375 0.059375
4 0.1 0.4828125 0.028125 0.03125
4 0.534375 0.50625 0.01875 0.015625
4 0.890625 0.58671875 0.04375 0.0484375
4 0.8796875 0.51640625 0.01875 0.0171875
4 0.7125 0.50546875 0.015625 0.0140625
4 0.74609375 0.509375 0.0109375 0.009375
4 0.6296875 0.5 0.725 0.040625