4 0.24375 0.8109375 0.134375 0.196875
4 0.77890625 0.84765625 0.4296875 0.2828125
4 0.96015625 0.7765625 0.0765625 0.134375
4 0.53828125 0.72734375 0.0609375 0.0515625
4 0.09765625 0.7890625 0.0828125 0.115625
4 0.95859375 0.71328125 0.0546875 0.0546875
4 0.8578125 0.70703125 0.0375 0.0515625
4 0.7671875 0.69609375 0.03125 0.0546875
4 0.53359375 0.6984375 0.0390625 0.03125
4 0.1125 0.6609375 0.028125 0.034375
4 0.5546875 0.66796875 0.03125 0.0421875
4 0.13359375 0.65625 0.0328125 0.0375
4 0.16796875 0.75625 0.0546875 0.06875
4 0.4625 0.69296875 0.79375 0.1734375