4 0.178125 0.81640625 0.065625 0.0453125
4 0.09296875 0.81953125 0.0453125 0.0546875
4 0.28359375 0.82421875 0.1109375 0.0640625
4 0.35859375 0.81875 0.0953125 0.04375
4 0.45 0.81484375 0.090625 0.0421875
4 0.50078125 0.81640625 0.0578125 0.0453125
4 0.55 0.81328125 0.046875 0.0390625
4 0.04609375 0.8203125 0.0515625 0.053125
4 0.59609375 0.815625 0.0453125 0.059375
4 0.84140625 0.81875 0.0453125 0.05625
4 0.65859375 0.81953125 0.0796875 0.0453125
4 0.2296875 0.81796875 0.04375 0.0484375
4 0.94765625 0.8203125 0.1015625 0.053125