4 0.92578125 0.54609375 0.0578125 0.0703125
4 0.92578125 0.51015625 0.0390625 0.0203125
4 0.85859375 0.51953125 0.0359375 0.0390625
4 0.82734375 0.54921875 0.0515625 0.0734375
4 0.7609375 0.52421875 0.01875 0.0390625
4 0.6421875 0.52890625 0.053125 0.0421875
4 0.3890625 0.5421875 0.071875 0.0625
4 0.48359375 0.52421875 0.0171875 0.0390625
4 0.1203125 0.55859375 0.1375 0.1078125
4 0.58984375 0.52734375 0.0203125 0.0546875
4 0.284375 0.51015625 0.03125 0.0578125
4 0.23515625 0.52734375 0.0265625 0.0671875
4 0.74921875 0.51328125 0.0265625 0.0359375
4 0.60703125 0.52734375 0.5171875 0.0796875