4 0.71171875 0.60390625 0.0609375 0.0609375
4 0.07734375 0.7640625 0.0828125 0.078125
4 0.47109375 0.67734375 0.0578125 0.0515625
4 0.24921875 0.71484375 0.0390625 0.1171875
4 0.64609375 0.628125 0.0609375 0.08125
4 0.60859375 0.634375 0.0265625 0.040625
4 0.98671875 0.55703125 0.0203125 0.0328125
4 0.95234375 0.5640625 0.0171875 0.040625
4 0.4203125 0.66171875 0.05 0.1078125
4 0.9203125 0.58125 0.059375 0.053125
4 0.66796875 0.64296875 0.0359375 0.0578125
4 0.46640625 0.66640625 0.9328125 0.3140625