4 0.55703125 0.5609375 0.0140625 0.0125
4 0.51875 0.56015625 0.015625 0.0171875
4 0.49921875 0.5609375 0.0109375 0.0125
4 0.371875 0.5625 0.015625 0.015625
4 0.34609375 0.5625 0.0171875 0.015625
4 0.12578125 0.5625 0.0171875 0.01875
4 0.70078125 0.56328125 0.0171875 0.0140625
4 0.259375 0.55546875 0.009375 0.0140625
4 0.12578125 0.61015625 0.0296875 0.0203125
4 0.20703125 0.55546875 0.0140625 0.0140625
4 0.56953125 0.5546875 0.0109375 0.0125
4 0.44296875 0.59921875 0.0109375 0.0234375
4 0.30390625 0.57578125 0.0171875 0.0140625
4 0.26328125 0.5765625 0.3640625 0.06875