4 0.78671875 0.6 0.4234375 0.69375
4 0.76328125 0.43671875 0.3546875 0.4734375
4 0.225 0.60546875 0.45 0.7859375
4 0.26015625 0.365625 0.3078125 0.253125
4 0.16875 0.25078125 0.33125 0.1390625
4 0.38359375 0.33359375 0.1046875 0.2671875
4 0.5 0.221875 0.0375 0.0375
4 0.6171875 0.39609375 0.15 0.1328125
4 0.4078125 0.265625 0.153125 0.153125
4 0.6953125 0.21875 0.10625 0.078125
4 0.4390625 0.19375 0.0125 0.021875
4 0.55625 0.2875 0.05625 0.090625
4 0.75546875 0.27109375 0.2203125 0.1828125
4 0.7890625 0.884375 0.415625 0.221875