4 0.74296875 0.325 0.1328125 0.10625
4 0.909375 0.3296875 0.059375 0.1125
4 0.51328125 0.28984375 0.0296875 0.0328125
4 0.33671875 0.278125 0.0421875 0.03125
4 0.4671875 0.27734375 0.059375 0.0546875
4 0.5953125 0.284375 0.053125 0.028125
4 0.8765625 0.28984375 0.021875 0.0171875
4 0.62265625 0.303125 0.0328125 0.05625
4 0.83046875 0.34140625 0.0703125 0.1171875
4 0.65859375 0.30078125 0.0265625 0.0359375
4 0.3828125 0.29140625 0.046875 0.0296875
4 0.17109375 0.3 0.0640625 0.109375
4 0.6421875 0.31796875 0.709375 0.1015625