4 0.24375 0.52578125 0.09375 0.1328125
4 0.371875 0.6046875 0.140625 0.18125
4 0.76484375 0.56328125 0.1234375 0.2984375
4 0.5703125 0.55234375 0.084375 0.1109375
4 0.66015625 0.61015625 0.0921875 0.1609375
4 0.86796875 0.55234375 0.0609375 0.0984375
4 0.8703125 0.6171875 0.053125 0.071875
4 0.09921875 0.4375 0.0765625 0.14375
4 0.34609375 0.521875 0.1140625 0.115625
4 0.91484375 0.571875 0.0328125 0.09375
4 0.45 0.521875 0.05 0.115625
4 0.946875 0.7046875 0.084375 0.259375
4 0.9 0.71015625 0.0375 0.1265625
4 0.671875 0.58046875 0.546875 0.2640625