4 0.13828125 0.56484375 0.0671875 0.0765625
4 0.24296875 0.77578125 0.0671875 0.0796875
4 0.36875 0.69453125 0.078125 0.0671875
4 0.55703125 0.346875 0.0546875 0.059375
4 0.5640625 0.31328125 0.04375 0.0453125
4 0.7078125 0.2515625 0.028125 0.071875
4 0.92734375 0.4640625 0.0890625 0.075
4 0.93203125 0.5421875 0.0515625 0.071875
4 0.29375 0.28984375 0.071875 0.0640625
4 0.021875 0.55390625 0.028125 0.0703125
4 0.26875 0.07890625 0.04375 0.0546875
4 0.11796875 0.065625 0.0265625 0.053125
4 0.46640625 0.81015625 0.0359375 0.0828125
4 0.26875 0.17265625 0.15 0.0796875