4 0.39765625 0.8015625 0.1296875 0.15625
4 0.4453125 0.640625 0.134375 0.053125
4 0.21015625 0.503125 0.0828125 0.05
4 0.30703125 0.490625 0.0765625 0.04375
4 0.75234375 0.53203125 0.0609375 0.0390625
4 0.63671875 0.49296875 0.0703125 0.0265625
4 0.70703125 0.5 0.0546875 0.034375
4 0.06875 0.475 0.078125 0.04375
4 0.17578125 0.46875 0.0703125 0.05625
4 0.3328125 0.465625 0.0875 0.0625
4 0.58359375 0.484375 0.0421875 0.028125
4 0.4921875 0.48125 0.0625 0.03125
4 0.46328125 0.50625 0.9265625 0.13125