4 0.94296875 0.34296875 0.0609375 0.0859375
4 0.92421875 0.27734375 0.0515625 0.0609375
4 0.65703125 0.27734375 0.0234375 0.0609375
4 0.85859375 0.1203125 0.0203125 0.040625
4 0.9296875 0.11328125 0.025 0.0421875
4 0.65859375 0.22421875 0.0234375 0.0265625
4 0.64921875 0.253125 0.0265625 0.053125
4 0.5875 0.25859375 0.021875 0.0296875
4 0.63203125 0.2375 0.0171875 0.046875
4 0.8734375 0.27265625 0.021875 0.0546875
4 0.98359375 0.35 0.0296875 0.08125
4 0.52578125 0.20234375 0.0265625 0.0265625
4 0.7 0.2140625 0.0125 0.034375
4 0.565625 0.21640625 0.01875 0.0296875
4 0.62421875 0.21953125 0.6640625 0.2859375