4 0.49765625 0.6453125 0.1796875 0.4625
4 0.38203125 0.6421875 0.2421875 0.4625
4 0.90703125 0.3296875 0.1140625 0.096875
4 0.8390625 0.30703125 0.04375 0.0578125
4 0.72890625 0.4578125 0.2984375 0.11875
4 0.5046875 0.353125 0.109375 0.121875
4 0.0953125 0.36875 0.178125 0.175
4 0.221875 0.30078125 0.05625 0.0703125
4 0.03984375 0.5453125 0.0796875 0.196875
4 0.04375 0.2671875 0.06875 0.0875
4 0.73515625 0.68203125 0.1796875 0.4921875
4 0.56796875 0.3984375 0.0953125 0.08125
4 0.58515625 0.69921875 0.1734375 0.4796875
4 0.40234375 0.44375 0.8046875 0.51875