4 0.67109375 0.75390625 0.2359375 0.2671875
4 0.88828125 0.75078125 0.2203125 0.2484375
4 0.90546875 0.63125 0.1859375 0.05625
4 0.81484375 0.471875 0.0296875 0.028125
4 0.71484375 0.4734375 0.0328125 0.025
4 0.76015625 0.471875 0.0390625 0.028125
4 0.3640625 0.48046875 0.01875 0.0265625
4 0.52421875 0.65625 0.1265625 0.059375
4 0.30625 0.47890625 0.03125 0.0328125
4 0.52734375 0.471875 0.0234375 0.021875
4 0.66796875 0.47109375 0.0359375 0.0328125
4 0.79609375 0.4734375 0.0171875 0.025
4 0.32734375 0.46953125 0.0203125 0.0234375
4 0.81796875 0.45390625 0.0171875 0.0078125
4 0.2875 0.48046875 0.03125 0.0359375
4 0.890625 0.47109375 0.040625 0.0296875
4 0.50078125 0.65546875 0.9921875 0.4765625