4 0.5328125 0.5109375 0.05 0.053125
4 0.44609375 0.525 0.0328125 0.040625
4 0.72734375 0.5 0.0515625 0.053125
4 0.590625 0.51171875 0.03125 0.0453125
4 0.565625 0.51171875 0.01875 0.0453125
4 0.76328125 0.49453125 0.0546875 0.0640625
4 0.3265625 0.53203125 0.04375 0.0359375
4 0.38359375 0.525 0.0765625 0.053125
4 0.2765625 0.53125 0.021875 0.034375
4 0.24609375 0.53125 0.0234375 0.028125
4 0.421875 0.5203125 0.025 0.046875
4 0.18671875 0.5359375 0.0234375 0.0375
4 0.359375 0.53515625 0.025 0.0234375