4 0.971875 0.47421875 0.053125 0.1234375
4 0.80703125 0.44453125 0.0109375 0.0234375
4 0.9421875 0.459375 0.09375 0.09375
4 0.5265625 0.44765625 0.046875 0.0453125
4 0.56640625 0.440625 0.0296875 0.01875
4 0.42578125 0.4453125 0.0453125 0.03125
4 0.35625 0.45859375 0.034375 0.0296875
4 0.4984375 0.44375 0.025 0.01875
4 0.46484375 0.45 0.0265625 0.0375
4 0.7984375 0.440625 0.01875 0.03125
4 0.4171875 0.46171875 0.046875 0.0234375
4 0.64375 0.45 0.03125 0.040625
4 0.1859375 0.571875 0.234375 0.41875
4 0.45234375 0.47734375 0.9046875 0.1171875