4 0.778125 0.89296875 0.1875 0.1796875
4 0.73515625 0.7234375 0.0421875 0.065625
4 0.38984375 0.77109375 0.0359375 0.0640625
4 0.18125 0.6921875 0.05 0.053125
4 0.28515625 0.68125 0.0546875 0.053125
4 0.759375 0.778125 0.08125 0.071875
4 0.77265625 0.7046875 0.0421875 0.03125
4 0.77578125 0.74375 0.0765625 0.053125
4 0.675 0.71875 0.04375 0.053125
4 0.90078125 0.721875 0.0203125 0.05625
4 0.434375 0.771875 0.084375 0.08125
4 0.2578125 0.71875 0.059375 0.0625
4 0.92734375 0.7765625 0.0296875 0.065625
4 0.49921875 0.7125 0.9890625 0.19375