0 0.021875 0.35625 0.03203125 0.06171875
0 0.1078125 0.39609375 0.0234375 0.06171875
0 0.1375 0.403125 0.04375 0.071875
0 0.1703125 0.40546875 0.01640625 0.059375
0 0.21953125 0.4046875 0.03046875 0.06171875
0 0.26953125 0.496875 0.034375 0.053125
0 0.34453125 0.6765625 0.06171875 0.275
0 0.35625 0.4796875 0.05078125 0.11484375
0 0.3625 0.4171875 0.03046875 0.03515625
0 0.42421875 0.6796875 0.1359375 0.26875
0 0.4421875 0.38515625 0.040625 0.059375
0 0.4640625 0.44140625 0.0375 0.078125
0 0.521875 0.65625 0.08203125 0.365625
0 0.57890625 0.71015625 0.0875 0.2734375
0 0.553125 0.43203125 0.0328125 0.0578125
0 0.61796875 0.49296875 0.04375 0.09453125
0 0.690625 0.4109375 0.0375 0.059375
0 0.703125 0.50390625 0.021875 0.06328125
0 0.80546875 0.50625 0.05078125 0.09453125
0 0.9859375 0.5359375 0.0265625 0.06328125
0 0.28515625 0.40625 0.02890625 0.0671875
0 0.28671875 0.36796875 0.02578125 0.03125
0 0.6078125 0.4328125 0.034375 0.06171875
0 0.99375 0.43125 0.01171875 0.06484375