0 0.84921875 0.55703125 0.1234375 0.19140625
0 0.01875 0.48984375 0.0375 0.0765625
0 0.10625 0.47421875 0.06796875 0.0765625
0 0.16171875 0.484375 0.040625 0.03359375
0 0.20234375 0.46640625 0.08125 0.11171875
0 0.365625 0.50078125 0.1984375 0.2
0 0.6 0.4078125 0.04375 0.13515625
0 0.96796875 0.39921875 0.059375 0.09609375
0 0.56015625 0.6125 0.2859375 0.2265625
0 0.72109375 0.5671875 0.1671875 0.25859375
0 0.475 0.45546875 0.08671875 0.09296875
0 0.34921875 0.53203125 0.09765625 0.1859375
0 0.546875 0.47421875 0.05703125 0.06796875