1 0.7 0.36015625 0.06875 0.0453125
1 0.8015625 0.3953125 0.05703125 0.10546875
1 0.66328125 0.40546875 0.14296875 0.071875
1 0.54296875 0.45390625 0.1390625 0.08203125
1 0.47890625 0.47578125 0.08046875 0.06640625
1 0.28046875 0.5046875 0.14296875 0.146875
1 0.07578125 0.6 0.1328125 0.1125
1 0.3828125 0.64140625 0.0953125 0.08984375
1 0.2140625 0.6859375 0.06640625 0.14765625
1 0.36015625 0.70625 0.2 0.11796875
1 0.0828125 0.76953125 0.15234375 0.1328125
1 0.30234375 0.78359375 0.14453125 0.15625
1 0.20234375 0.80859375 0.0828125 0.17109375
1 0.49921875 0.809375 0.1859375 0.2265625