0 0.41328125 0.671875 0.53515625 0.64921875
0 0.796875 0.6109375 0.18984375 0.409375
0 0.92265625 0.66015625 0.1546875 0.5578125
0 0.11640625 0.6796875 0.23125 0.3453125
0 0.03515625 0.45546875 0.0703125 0.1015625
0 0.071875 0.4640625 0.14375 0.0875
0 0.63046875 0.5046875 0.05234375 0.11953125
0 0.3828125 0.65078125 0.30625 0.5171875
0 0.36484375 0.490625 0.23203125 0.16484375
0 0.85078125 0.4265625 0.1265625 0.1046875
0 0.73515625 0.59375 0.20703125 0.284375
0 0.57890625 0.48359375 0.096875 0.109375
0 0.3828125 0.46640625 0.096875 0.10625
0 0.10625 0.6 0.2125 0.38515625