0 0.02578125 0.50234375 0.0515625 0.12421875
0 0.19453125 0.5328125 0.09609375 0.1203125
0 0.2390625 0.47890625 0.0875 0.13828125
0 0.2 0.4484375 0.09375 0.08984375
0 0.27109375 0.43671875 0.05234375 0.05078125
0 0.40859375 0.5296875 0.16953125 0.15234375
0 0.38046875 0.4296875 0.05859375 0.06484375
0 0.4484375 0.4359375 0.10234375 0.0828125
0 0.5671875 0.46640625 0.1 0.065625
0 0.58515625 0.49140625 0.06484375 0.08828125
0 0.7546875 0.41953125 0.0609375 0.0671875
0 0.67890625 0.52890625 0.07734375 0.0875
0 0.71640625 0.5390625 0.06796875 0.07265625
0 0.77265625 0.540625 0.08359375 0.03984375
0 0.90703125 0.47890625 0.0609375 0.11328125
0 0.840625 0.51015625 0.10234375 0.07265625
0 0.80859375 0.48125 0.084375 0.07734375
0 0.94296875 0.40390625 0.0796875 0.0703125
0 0.98046875 0.4171875 0.03828125 0.109375