3 0.25625 0.51171875 0.075 0.20625
3 0.07578125 0.41796875 0.0609375 0.178125
3 0.9828125 0.3578125 0.025 0.11015625
3 0.42109375 0.40703125 0.0765625 0.25625
3 0.08046875 0.50625 0.0640625 0.11953125
3 0.91484375 0.46953125 0.0984375 0.15
3 0.55390625 0.49609375 0.0578125 0.11015625
3 0.3109375 0.5296875 0.1 0.12421875
3 0.46328125 0.5390625 0.0953125 0.17578125
3 0.7828125 0.49140625 0.090625 0.18046875
3 0.596875 0.465625 0.065625 0.265625
0 0.071875 0.5765625 0.1375 0.10546875
0 0.3046875 0.590625 0.134375 0.08203125
0 0.92421875 0.54921875 0.1203125 0.1078125
0 0.79296875 0.55859375 0.2671875 0.140625