3 0.68359375 0.7265625 0.0703125 0.13828125
0 0.0578125 0.7015625 0.115625 0.225
0 0.88046875 0.58203125 0.2078125 0.2296875
0 0.51328125 0.5953125 0.0953125 0.08671875
0 0.67109375 0.81015625 0.4234375 0.1640625
0 0.69609375 0.60078125 0.0921875 0.0796875
0 0.27109375 0.684375 0.1359375 0.19921875
0 0.64921875 0.58359375 0.0640625 0.06796875
0 0.4109375 0.60234375 0.109375 0.09140625
0 0.140625 0.6046875 0.078125 0.09140625
0 0.30390625 0.59609375 0.0734375 0.0796875
0 0.18125 0.66640625 0.06875 0.1453125
0 0.6015625 0.58125 0.034375 0.08203125