0 0.3234375 0.71171875 0.30078125 0.475
0 0.7390625 0.684375 0.2953125 0.34765625
0 0.1671875 0.33203125 0.0921875 0.08046875
0 0.10625 0.26171875 0.07421875 0.1015625
0 0.07578125 0.45390625 0.1515625 0.178125
0 0.0515625 0.315625 0.10234375 0.08984375
0 0.6234375 0.32578125 0.05859375 0.09609375
0 0.51875 0.240625 0.0859375 0.1015625
0 0.4 0.28203125 0.05546875 0.103125
0 0.8765625 0.4390625 0.2015625 0.1578125
0 0.03125 0.50703125 0.0625 0.13125
0 0.4578125 0.234375 0.0640625 0.0859375
0 0.9484375 0.37578125 0.1015625 0.15
0 0.971875 0.290625 0.0546875 0.0859375