3 0.7296875 0.74375 0.05078125 0.18515625
3 0.45234375 0.45625 0.040625 0.19296875
3 0.9734375 0.75 0.03984375 0.21171875
3 0.5265625 0.45390625 0.0390625 0.14296875
3 0.5734375 0.42890625 0.05390625 0.18359375
3 0.91328125 0.728125 0.0640625 0.253125
3 0.590625 0.8265625 0.071875 0.34375
3 0.24296875 0.44609375 0.0375 0.11328125
3 0.07109375 0.69375 0.0578125 0.0984375
3 0.39609375 0.6703125 0.0359375 0.0765625
3 0.3640625 0.66953125 0.03125 0.0484375
3 0.39765625 0.48046875 0.03125 0.13984375
0 0.32890625 0.51875 0.25859375 0.36875
0 0.353125 0.828125 0.453125 0.34140625
0 0.64296875 0.6875 0.45 0.41640625
0 0.065625 0.86484375 0.13125 0.2671875