0 0.95 0.15234375 0.0984375 0.12890625
0 0.65234375 0.165625 0.09921875 0.140625
0 0.20078125 0.10625 0.040625 0.053125
0 0.79375 0.18359375 0.0984375 0.1359375
0 0.6921875 0.09296875 0.03046875 0.05703125
0 0.7390625 0.08671875 0.05 0.06953125
0 0.77109375 0.1078125 0.028125 0.03203125
0 0.740625 0.19765625 0.0671875 0.09921875
0 0.6625 0.50546875 0.153125 0.1390625
0 0.64609375 0.09296875 0.0515625 0.02890625
0 0.5015625 0.47890625 0.17265625 0.2046875
0 0.3703125 0.50859375 0.0921875 0.159375