0 0.496875 0.54921875 0.09609375 0.14375
0 0.9484375 0.5875 0.10234375 0.13203125
0 0.821875 0.58125 0.0875 0.12578125
0 0.05625 0.53203125 0.06875 0.11484375
0 0.15078125 0.5421875 0.06796875 0.103125
0 0.221875 0.5484375 0.06640625 0.1234375
0 0.6078125 0.56953125 0.0859375 0.12421875
0 0.2734375 0.5578125 0.04609375 0.1046875
0 0.715625 0.55390625 0.10390625 0.15859375
0 0.73984375 0.596875 0.08125 0.09140625
0 0.32421875 0.54296875 0.065625 0.13046875
0 0.3953125 0.5578125 0.11328125 0.1546875
0 0.653125 0.5765625 0.07734375 0.11796875